1 238
1 251
1 46
1 173
1 116
1 57
1 86
1 316
1 17
1 270
1 209
1 118
1 54
1 236
1 241
1 137
1 355
1 362
1 99
1 138
1 13
1 328
1 168
1 185
1 193
1 104
1 142
1 114
1 162
1 187
1 197
1 22
1 69
1 313
2 246
2 310
2 312
2 107
2 179
2 140
2 55
2 333
2 174
2 3
2 285
2 361
2 274
2 284
2 315
2 379
2 194
2 136
2 85
2 112
2 40
2 188
3 239
3 19
3 290
3 348
3 319
3 189
3 80
3 353
3 97
3 208
3 68
3 269
3 354
3 235
3 381
3 314
4 368
4 132
4 369
4 365
4 366
4 378
4 364
4 229
4 176
4 105
4 367
4 195
4 357
4 2
4 309
5 373
5 37
5 344
5 115
5 220
5 325
5 78
5 224
5 146
5 119
5 300
5 169
5 141
5 156
5 383
5 83
5 217
6 34
6 318
6 218
6 232
6 201
6 165
6 306
6 144
6 64
6 92
6 133
6 43
6 382
7 95
7 56
7 299
7 341
7 377
7 205
7 58
7 226
7 166
7 164
7 380
7 44
8 102
8 42
8 347
8 196
8 47
8 139
8 8
8 294
8 308
8 211
8 244
8 160
9 38
9 230
9 127
9 154
9 171
9 53
9 350
9 327
9 329
9 276
9 117
9 282
9 151
9 62
10 375
10 163
10 243
10 358
10 192
10 148
10 11
10 363
10 100
10 253
10 283
10 63
10 31
11 297
11 130
11 159
11 149
11 49
11 346
11 263
11 175
11 7
11 113
11 186
12 250
12 74
12 234
12 124
12 152
12 66
12 261
12 96
12 326
12 351
12 14
12 385
12 221
12 360
12 91
12 111
12 384
12 280
13 339
13 106
13 219
13 27
13 122
13 147
13 191
13 108
13 231
13 158
14 352
14 161
14 216
14 252
14 320
14 41
14 359
14 273
14 21
14 9
14 259
14 110
15 121
15 256
15 331
15 50
15 155
15 167
15 227
15 109
15 73
16 129
16 70
16 286
16 254
16 52
16 157
16 181
16 265
17 214
17 45
17 267
17 184
17 135
17 262
17 289
17 172
17 225
17 51
17 249
17 1
17 67
18 248
18 279
18 33
18 264
18 292
18 90
18 98
18 134
19 296
19 76
19 87
19 281
19 35
19 61
19 12
19 212
19 150
19 275
19 277
20 77
20 302
20 295
20 203
20 23
20 202
20 94
20 4
20 213
20 321
21 28
21 233
21 82
21 258
21 343
21 345
21 376
21 307
21 103
22 228
22 75
22 245
22 101
22 268
22 288
22 36
22 324
22 204
22 10
22 303
23 84
23 79
23 16
23 32
23 59
23 170
23 126
23 287
23 338
24 370
24 128
24 298
24 24
24 210
24 143
24 278
24 200
24 335
24 272
24 332
24 5
25 125
25 255
25 334
25 29
25 206
25 322
25 145
25 65
26 242
26 349
26 177
26 183
26 60
26 25
26 257
27 311
27 30
27 182
27 178
27 131
27 26
28 247
28 207
28 330
28 260
28 356
28 317
28 190
28 6
28 198
29 301
29 340
29 266
29 271
29 93
30 71
30 223
30 180
30 123
30 293
30 323
30 88
31 337
31 81
31 215
31 153
31 342
32 72
32 48
32 336
32 15
32 291
32 304
33 18
33 237
33 120
34 305
34 222
34 199
35 374
35 372
35 371
36 89
37 20
38 240
38 39
